Quartier1
;
 1041	12180	4
1062	13240	3
1327	19800	2
1483	35000	7
1900	17000	2
2112	28500	6
2345	15623	2
3210	3200	6
3600	6500	5
3601	11970	2
4724	8900	3
6217	10000	2
9280	6200	1
;
Quartier2
;
1227	24180	6
1060	70240	1
1317	45800	3
1183	8000	1
1902	15000	2
2102	33500	5
2945	15623	2
3310	8200	6
3609	80500	5
3501	14970	2
4824	8900	3
6211	10000	2
9980	6200	1
;
Quartier7
;
1227    2180   6
1060    740   1
1317    4800   3
1183    800    1
1902    100   2
2102    300   5
2945    1623   2
3310    800    6
3609    8500   5
3501    170   2
4824    800    3
6211    1000   2
9980    600    1
;
Quartier4
;
 1041   12180   4
1062    140   3
1327    1800   2
1483    3000   7
1900    1000   2
2112    200   6
2345    123   2
3210    300    6
3600    600    5
3601    170   2
4724    800    3
6217    100   2
9280    600    1
;
Quartier5
;
 1041   180   4
1062    140   3
1327    100   2
1483    300   7
1900    100   2
2112    200   6
2345    123   2
3210    300    6
3600    600    5
3601    170   2
4724    800    3
6217    100   2
9280    600    1
;
Quartier6
;
1227    280   6
1060    740   1
1317    400   3
1183    800    1
1902    1000   2
2102    300   5
2945    123   2
3310    800    6
3609    800   5
3501    140   2
4824    800    3
6211    1000   2
9980    600    1
;
Quartier3
;
1227    2180   6
1060    740   1
1317    4800   3
1183    800    1
1902    100   2
2102    300   5
2945    1623   2
3310    800    6
3609    8500   5
3501    170   2
4824    800    3
6211    1000   2
9980    600    1
;

Talence
;
 1041   180   4
1062    140   3
1327    100   2
1483    300   7
1900    100   2
2112    28500   6
2345    123   2
3210    320    6
3600    650    5
3601    170   2
4724    800    3
6217    100   2
9280    620    1
;
Coderan
;
1227    24   6
1060    7040   1
1317    400   3
1183    80    1
1902    100   2
2102    300   5
2945    123   2
3310    80    6
3609    800   5
3501    170   2
4824    80    3
6211    100   2
9980    620    1
;
Begles
;
1227    280   6
1060    70   1
1317    400   3
1183    80    1
1902    10   2
2102    30   5
2945    123   2
3310    80    6
3609    800   5
3501    10   2
4824    80    3
6211    100   2
9980    60    1
;
zebulle
;
1227    280   6
1060    740   1
1317    400   3
1183    800    1
1902    1000   2
2102    300   5
2945    123   2
3310    800    6
3609    800   5
3501    140   2
4824    800    3
6211    1000   2
9980    600    1
;
Bob
;
1227    2180   6
1060    740   1
1317    4800   3
1183    800    1
1902    100   2
2102    300   5
2945    1623   2
3310    800    6
3609    8500   5
3501    170   2
4824    800    3
6211    1000   2
9980    600    1
;

