Quartier1
;
 1041	12180	4
1062	13240	3
1327	19800	2
1483	35000	7
1900	17000	2
2112	28500	6
2345	15623	2
3210	3200	6
3600	6500	5
3601	11970	2
4724	8900	3
6217	10000	2
9280	6200	1
;
Quartier2
;
1227	24180	6
1060	70240	1
1317	45800	3
1183	8000	1
1902	15000	2
2102	33500	5
2945	15623	2
3310	8200	6
3609	80500	5
3501	14970	2
4824	8900	3
6211	10000	2
9980	6200	1
;
Quartier3
;
 1041   1180   4
1062    1240   3
1327    1800   2
1483    3000   7
1900    17000   2
2112    2500   6
2345    1623   2
3210    3200    6
3600    6500    5
3601    1970   2
4724    8900    3
6217    1000   2
9280    6200    1
;
Quartier4
;
 1041   12180   4
1062    13240   3
1327    19800   2
1483    35000   7
1900    17000   2
2112    8500   6
2345   53   2
3210    200    6
3600    500    5
3601    1970   2
4724    200    3
6217    100   2
9280    600    1
;
Quartier4
;
1227    24180   6
1060    240   1
1317    4800   3
1183    800    1
1902    3000   2
2102   3500   5
2945    123   2
3310    800    6
3609    8500   5
3501    1970   2
4824    800    3
6211    1000   2
9980    600    1
;

